0.000000000000000010
0.000000000000000007
0.000000000385114349
0.000000003844849042
0.000000019350954024
0.000000066494973986
0.000000176165689234
0.000000381277100664
0.000000690317314379
0.000001038597838071
0.000001218959453243
0.000000806206400321
-0.000000893279144121
-0.000004817072301110
-0.000011984942107506
-0.000023138559522788
-0.000038145400440225
-0.000055182318726161
-0.000069795928061903
-0.000074038863900173
-0.000055984487777579
0.000000000000000005
0.000111823237790132
0.000296753511430583
0.000589005873503289
0.001027342603587298
0.001589953942249869
0.002180289037222645
0.002612688965091407
0.002616576372211103
0.001870065567095487
0.000068524794803457
-0.002977388463444295
-0.007233588733278997
-0.012355485222939062
-0.017657341090017407
-0.022166234068807081
-0.024769835856375697
-0.024440523692046058
-0.020491403997491622
-0.012801563375498998
-0.001945588251227281
0.010820869487808870
0.023734742871788173
0.034832731797830904
0.042328868994859818
0.044976589892288893
0.042328868994860325
0.034832731797830779
0.023734742871787527
0.010820869487808893
-0.001945588251226930
-0.012801563375498936
-0.020491403997491699
-0.024440523692046079
-0.024769835856375735
-0.022166234068807064
-0.017657341090017341
-0.012355485222939082
-0.007233588733279053
-0.002977388463444301
0.000068524794803461
0.001870065567095483
0.002616576372211093
0.002612688965091409
0.002180289037222645
0.001589953942249856
0.001027342603587287
0.000589005873503288
0.000296753511430583
0.000111823237790124
0.000000000000000002
-0.000055984487777576
-0.000074038863900167
-0.000069795928061905
-0.000055182318726166
-0.000038145400440224
-0.000023138559522788
-0.000011984942107508
-0.000004817072301113
-0.000000893279144115
0.000000806206400329
0.000001218959453245
0.000001038597838067
0.000000690317314379
0.000000381277100669
0.000000176165689231
0.000000066494973983
0.000000019350954026
0.000000003844849048
0.000000000385114345
0.000000000000000000
0.000000000000000008