0.000000000000000010
-0.000000000000000007
0.000000000036118486
0.000000001066752250
-0.000000000497573640
-0.000000026081114225
0.000000103675377199
-0.000000136083980487
-0.000000176366863834
0.000000998732038048
-0.000001562705159539
-0.000000029943381317
0.000004812622835799
-0.000009288214841183
0.000004801373566466
0.000014462124937668
-0.000037525122111581
0.000033044023861440
0.000025714439441191
-0.000114762624790585
0.000139979649804970
0.000000000000000000
-0.000279342755125318
0.000459936062505407
-0.000216815598831668
-0.000614191419223861
0.001541148555384751
-0.001306987092975616
-0.000967184910340041
0.004087781890202770
-0.004664559595259285
-0.000000031507261373
0.007856586141303665
-0.011617614181714465
0.004654999716385543
0.010711719707446847
-0.021641125446305719
0.014835757876507292
0.008938519348703915
-0.030993150238176184
0.029210652919952357
-0.000000144904757520
-0.034151062993668560
0.042386469088111028
-0.014315117251582153
-0.027864525195258262
0.047775743358115935
-0.027864525195259265
-0.014315117251582552
0.042386469088111195
-0.034151062993668400
-0.000000144904757489
0.029210652919952729
-0.030993150238176309
0.008938519348703957
0.014835757876507382
-0.021641125446305826
0.010711719707446837
0.004654999716385536
-0.011617614181714510
0.007856586141303700
-0.000000031507261382
-0.004664559595259275
0.004087781890202781
-0.000967184910340038
-0.001306987092975607
0.001541148555384748
-0.000614191419223851
-0.000216815598831667
0.000459936062505405
-0.000279342755125320
-0.000000000000000001
0.000139979649804968
-0.000114762624790574
0.000025714439441176
0.000033044023861452
-0.000037525122111579
0.000014462124937666
0.000004801373566468
-0.000009288214841181
0.000004812622835796
-0.000000029943381319
-0.000001562705159538
0.000000998732038050
-0.000000176366863826
-0.000000136083980490
0.000000103675377202
-0.000000026081114217
-0.000000000497573643
0.000000001066752251
0.000000000036118486
-0.000000000000000004
0.000000000000000009