0.000000000000000005
0.000000000000000003
0.000000000036118796
-0.000000001066761348
-0.000000000497577882
0.000000026081336718
0.000000103676261637
0.000000136085141394
-0.000000176368368387
-0.000000998740558060
-0.000001562718490707
0.000000029943636758
0.000004812663891454
0.000009288294077342
0.000004801414526156
-0.000014462248311559
-0.000037525442231918
-0.000033044305754305
0.000025714658806633
0.000114763603810722
0.000139980843947197
0.000000000000000005
-0.000279345138150136
-0.000459939986140554
-0.000216817528045888
0.000614199537296141
0.001541169991620436
0.001307001605203557
-0.000967215239441169
-0.004087864072537570
-0.004664621858170893
0.000000103340714316
0.007856810559086713
0.011617804797897133
0.004654872542250924
-0.010712220946912331
-0.021641597193176137
-0.014835576547421183
0.008939519858282414
0.030994191169414018
0.029210433454634654
-0.000001852986664590
-0.034153442382860180
-0.042386231251722188
-0.014309612698698572
0.027875374059732422
0.047785942000608483
0.027875374059733414
-0.014309612698698970
-0.042386231251722362
-0.034153442382860028
-0.000001852986664623
0.029210433454635022
0.030994191169414150
0.008939519858282459
-0.014835576547421282
-0.021641597193176251
-0.010712220946912321
0.004654872542250912
0.011617804797897169
0.007856810559086750
0.000000103340714322
-0.004664621858170881
-0.004087864072537582
-0.000967215239441169
0.001307001605203546
0.001541169991620427
0.000614199537296130
-0.000216817528045887
-0.000459939986140552
-0.000279345138150131
0.000000000000000000
0.000139980843947198
0.000114763603810716
0.000025714658806624
-0.000033044305754312
-0.000037525442231916
-0.000014462248311559
0.000004801414526155
0.000009288294077339
0.000004812663891450
0.000000029943636760
-0.000001562718490704
-0.000000998740558063
-0.000000176368368382
0.000000136085141398
0.000000103676261637
0.000000026081336715
-0.000000000497577884
-0.000000001066761350
0.000000000036118791
-0.000000000000000001
0.000000000000000010