0.000000000000000007
-0.000000000000000001
0.000000000577189701
0.000000000000000002
-0.000000012311392914
0.000000000000000000
0.000000105358962857
0.000000000000000000
-0.000000527555332389
-0.000000000000000001
0.000001948308627998
-0.000000000000000001
-0.000005918555723800
-0.000000000000000005
0.000015678361997886
-0.000000000000000005
-0.000037515252403378
0.000000000000000005
0.000083028906107344
-0.000000000000000001
-0.000173051284067342
0.000000000000000003
0.000345297494139405
0.000000000000000002
-0.000701270746652799
-0.000000000655830958
0.001540960422369406
0.000000004605655399
-0.003129575231662681
-0.000000016675985705
0.005765632259681139
0.000000045270021086
-0.009711165289447531
-0.000000103577309979
0.015063811117185980
0.000000210905751008
-0.021641029937636509
-0.000000395885088977
0.028925719973045820
0.000000707603041282
-0.036106140460290856
-0.000001259092769597
0.042213023441335248
0.000002454263313606
-0.046323149176600242
-0.000007955054244349
0.047760915748026461
-0.000007955054244350
-0.046323149176601665
0.000002454263313605
0.042213023441335012
-0.000001259092769601
-0.036106140460291251
0.000000707603041280
0.028925719973045869
-0.000000395885088976
-0.021641029937636599
0.000000210905751007
0.015063811117185922
-0.000000103577309981
-0.009711165289447550
0.000000045270021093
0.005765632259681138
-0.000000016675985704
-0.003129575231662688
0.000000004605655401
0.001540960422369392
-0.000000000655830958
-0.000701270746652789
0.000000000000000004
0.000345297494139393
0.000000000000000002
-0.000173051284067342
0.000000000000000001
0.000083028906107330
0.000000000000000003
-0.000037515252403376
-0.000000000000000004
0.000015678361997876
-0.000000000000000006
-0.000005918555723811
0.000000000000000000
0.000001948308628002
0.000000000000000003
-0.000000527555332390
0.000000000000000004
0.000000105358962858
0.000000000000000000
-0.000000012311392916
0.000000000000000002
0.000000000577189693
0.000000000000000000
0.000000000000000007